order_id,customer_id,order_date,amount
1,101,2024-01-05,500
2,102,2024-01-10,700
3,103,2024-01-15,400
4,101,2024-02-06,300
5,102,2024-02-15,600
6,104,2024-02-20,800
7,101,2024-03-02,450
8,103,2024-03-10,500
9,105,2024-03-12,900
10,102,2024-03-18,200
11,106,2024-04-01,650
12,101,2024-04-05,700
13,104,2024-04-11,300
14,105,2024-04-15,500
15,103,2024-05-01,750
16,102,2024-05-07,450
17,107,2024-05-10,850
18,101,2024-05-18,650
19,104,2024-06-03,400
20,105,2024-06-09,950
21,108,2024-01-07,600
22,109,2024-01-20,300
23,108,2024-02-10,500
24,109,2024-03-05,400
25,110,2024-02-14,700
26,110,2024-03-20,800
27,111,2024-03-22,450
28,111,2024-04-18,550
29,112,2024-04-02,650
30,112,2024-05-11,700
31,113,2024-05-03,900
32,113,2024-06-15,850
33,114,2024-01-25,300
34,114,2024-02-28,450
35,115,2024-02-05,600
36,115,2024-04-12,700
37,116,2024-03-08,500
38,116,2024-04-20,600
39,117,2024-04-25,750
40,117,2024-05-30,800
41,118,2024-05-14,650
42,118,2024-06-18,700
43,119,2024-06-01,900
44,120,2024-06-05,850
45,121,2024-01-12,400
46,121,2024-02-15,500
47,122,2024-02-18,600
48,122,2024-03-25,700
49,123,2024-03-30,800
50,123,2024-04-28,900
